4294967279,327
4294967293,131
4294967293,130
4294967293,129
4294967293,128
4294967293,127
4294967293,126
4294967293,125
4294967293,124
4294967293,123
4294967293,122
4294967293,121
4294967293,120
4294967293,119
4294967293,118
4294967293,117
4294967293,116
4294967293,115
4294967293,114
4294967293,113
4294967293,112
4294967293,111
4294967293,110
4294967293,109
4294967293,108
4294967293,107
4294967293,106
4294967293,105
4294967293,104
4294967293,103
4294967293,102
4294967293,101
4294967293,100
4294967293,99
4294967293,98
4294967293,97
4294967293,96
4294967293,95
4294967293,94
4294967293,93
4294967293,92
4294967293,91
4294967293,90
4294967293,89
4294967293,88
4294967293,87
4294967293,86
4294967293,85
4294967293,84
4294967293,83
4294967293,82
4294967293,81
4294967293,80
4294967293,79
4294967293,78
4294967293,77
4294967293,76
4294967293,75
4294967293,74
4294967293,73
4294967293,72
4294967293,71
4294967293,70
4294967293,69
4294967293,68
4294967293,67
4294967293,66
4294967293,65
4294967293,64
4294967293,63
4294967293,62
4294967293,61
4294967293,60
4294967293,59
4294967293,58
4294967293,57
4294967293,56
4294967293,55
4294967293,54
4294967293,53
4294967293,52
4294967293,51
4294967293,50
4294967293,49
4294967293,48
4294967293,47
4294967293,46
4294967293,45
4294967293,44
4294967293,43
4294967293,42
4294967293,41
4294967293,40
4294967293,39
4294967293,38
4294967293,37
4294967293,36
4294967293,35
4294967293,34
4294967293,33
4294967293,32
4294967293,31
4294967293,30
4294967293,29
4294967293,28
4294967293,27
4294967293,26
4294967293,25
4294967293,24
4294967293,23
4294967293,22
4294967293,21
4294967293,20
4294967293,19
4294967293,18
4294967293,17
4294967293,16
4294967293,15
4294967293,14
4294967293,13
4294967293,12
4294967293,11
4294967293,10
4294967293,9
4294967293,8
4294967293,7
4294967293,6
4294967293,5
4294967293,4
4294967293,3
4294967293,2
4294501266,0
4294501265,0
4294501264,0
4294501263,0
4294501262,0
4294501261,0
4294501260,0
4294501259,0
4294501258,0
4294501257,0
4294967293,0
4294967279,283
4294967279,191
4294967279,78
4294967279,375
4294967279,190
4294967279,77
4294967279,370
4294967279,189
4294967279,76
4294967279,393
4294967279,188
4294967279,75
4294967279,369
4294967279,187
4294967279,74
4294967279,355
4294967279,186
4294967279,73
4294967279,319
4294967279,185
4294967279,72
4294967279,318
4294967279,184
4294967279,71
4294967279,281
4294967279,183
4294967279,70
4294967279,317
4294967279,392
4294967279,69
4294967279,280
4294967279,181
4294967279,68
4294967279,316
4294967279,391
4294967279,67
4294967279,315
4294967279,179
4294967279,66
4294967279,279
4294967279,178
4294967279,65
4294967279,354
4294967279,390
4294967279,64
4294967279,314
4294967279,176
4294967279,63
4294967279,389
4294967279,175
4294967279,62
4294967279,313
4294967279,173
4294967279,61
4294967279,312
4294967279,388
4294967279,60
4294967279,277
4294967279,171
4294967279,59
4294967279,276
4294967279,170
4294967279,58
4294967279,275
4294967279,169
4294967279,57
4294967279,274
4294967279,168
4294967279,56
4294967279,311
4294967279,167
4294967279,55
4294967279,310
4294967279,166
4294967279,54
4294967279,273
4294967279,53
4294967279,272
4294967279,164
4294967279,52
4294967279,271
4294967279,163
4294967279,51
4294967279,309
4294967279,162
4294967279,50
4294967279,308
4294967279,161
4294967279,49
4294967279,270
4294967279,160
4294967279,48
4294967279,307
4294967279,159
4294967279,47
4294967279,269
4294967279,158
4294967279,46
4294967279,306
4294967279,157
4294967279,45
4294967279,268
4294967279,156
4294967279,44
4294967279,155
4294967279,154
4294967279,43
4294967279,366
4294967279,153
4294967279,42
4294967279,266
4294967279,152
4294967279,41
4294967279,353
4294967279,151
4294967279,40
4294967279,352
4294967279,150
4294967279,39
4294967279,351
4294967279,149
4294967279,38
4294967279,365
4294967279,148
4294967279,37
4294967279,350
4294967279,147
4294967279,36
4294967279,381
4294967279,146
4294967279,35
4294967279,349
4294967279,145
4294967279,34
4294967279,406
4294967279,144
4294967279,33
4294967279,374
4294967279,143
4294967279,32
4294967279,405
4294967279,142
4294967279,31
4294967279,347
4294967279,141
4294967279,30
4294967279,404
4294967279,140
4294967279,29
4294967279,364
4294967279,139
4294967279,28
4294967279,387
4294967279,138
4294967279,27
4294967279,265
4294967279,137
4294967279,26
4294967279,363
4294967279,136
4294967279,25
4294967279,403
4294967279,135
4294967279,24
4294967279,402
4294967279,134
4294967279,23
4294967279,362
4294967279,133
4294967279,22
4294967279,401
4294967279,21
4294967279,373
4294967279,263
4294967279,20
4294967279,400
4294967279,262
4294967279,19
4294967279,345
4294967279,261
4294967279,18
4294967279,399
4294967279,259
4294967279,17
4294967279,398
4294967279,258
4294967279,16
4294967279,344
4294967279,257
4294967279,15
4294967279,397
4294967279,256
4294967279,14
4294967279,396
4294967279,255
4294967279,13
4294967279,305
4294967279,12
4294967279,386
4294967279,253
4294967279,11
4294967279,252
4294967279,10
4294967279,360
4294967279,251
4294967279,9
4294967279,304
4294967279,250
4294967279,8
4294967279,303
4294967279,249
4294967279,7
4294967279,385
4294967279,248
4294967279,6
4294967279,395
4294967279,247
4294967279,5
4294967279,380
4294967279,246
4294967279,4
4294967279,3
